146 254 150 46 781647506
[
781647506 90017834 229057582 1815611976 2144217968 3215259429 561416431 453949835 3249503260 907469206 2761610610 2725660314 3531788685 4235637548 1878190625
2139520666 2258883274 2657554353 1728402439 1045462402 270600598 2714077482 2947141388 1524848555 2513152815 683706876 3199046172 3175564031 2214270854 982346250
563455892 1890976263 4141381712 333717997 1440627265 2283998090 156674033 3042362998 1580063552 675726443 934783684 4232278243 318690479 2304053120 3490574962 4113133997 3835142147 1484569997 3394361796 96216705 1555756674 3759354016 1676981903 2374333362 2423979975 209665842 2368370182 1306158005 3973044206 2486265157 475512026 3469303676 722341794 1422210132 1951552861 505559431 214535881 1079626105 850611464 383639749 3048857758 146559152 1072908537 2729204647 3069524097 3826864658 2647147104 4010843770 2665290873 2326221015 326932710 97066420 1029003702 3995906872 3255202445 258440397 823205382 2711609049 2859337934 3191044237 4053428491 4040245914 1573181283 1846906942 635695616 3480503807 497930176 3288817022 4130740655 1506614438 605966704 2404832630 437118453 3560701663 1110092561 129056578 1980834466 644327838 3773187789 1125624751 1221427854 2688977337 1340966547 3168968319 1332556810 3046065678 1040650775 1926975188 2399540199 1784526348 1512496518 2361350458 829330747 4228764014 3411094601 2408360738 3863026942 1902112807 2942498015 2161647092 423544700 909764280 277276474 2465570708 630450623 2101372886 2197370793 3618446143 2192304646 1772663360 2830235782 772581102 1522191667 2144070581 2429182787 4267050429 2691894159 410889761 1989989122 2788255030 229025572 4193345359 797711546 3196996140 2355775122 2635380481 2029041466 1261113630 999713273 1800760439 450875874 3124286025 1258975763 211348314 3938611958 1711078669 541451719 668792465 4132688148 237987595 4081503412 3194851022 2668004976 44257066 3353049645 3731613931 357109364 2933701300 2740625396 703713467 452791541 3405867445 4268897769 1745262403 1074646541 824195698 310899249 748271907 3343899427 3107438565 767911208 558810800 1934129393 1052506174 3363935340 3305482316 2417368546 3055844523 4001461599 1539067651 301237108 113450569 3917969594 2709875403 291423849 19781245 405498308 915716955 3949975919 2617841611 902610790 2748237816 1887637125 3491567288 2839064566 3410237091 341187241 557066900 3603188832 3345735684 3217433800 1331051052 3067748133 3484427348 4287111097 3428873772 4090330070 2134444061 1960675144 2366581825 1450630356 2199268007 1261538510 2054045552 2961057577 619915173 878309639 2169739289 1550921501 1513829470 2364711210 906373774 2376879062 964881688 349094502 83175968 369596465 9198050 2412160101 2019020054 2898202056 2729968903 1216904730 158528348 2797134546 1815055279
]
[
781647506 90017834 229057582 1815611976 2144217968 3215259429 561416431 453949835 3249503260 907469206 2761610610 2725660314 3531788685 4235637548 1878190625
2139520666 2258883274 2657554353 1728402439 1045462402 270600598 2714077482 2947141388 1524848555 2513152815 683706876 3199046172 3175564031 2214270854 982346250
563455892 1890976263 4141381712 333717997 1440627265 2283998090 156674033 3042362998 1580063552 675726443 934783684 4232278243 318690479 2304053120 3490574962 4113133997 3835142147 1484569997 3394361796 96216705 1555756674 3759354016 1676981903 2374333362 2423979975 209665842 2368370182 1306158005 3973044206 2486265157 475512026 3469303676 722341794 1422210132 1951552861 505559431 214535881 1079626105 850611464 383639749 3048857758 146559152 1072908537 2729204647 3069524097 3826864658 2647147104 4010843770 2665290873 2326221015 326932710 97066420 1029003702 3995906872 3255202445 258440397 823205382 2711609049 2859337934 3191044237 4053428491 4040245914 1573181283 1846906942 635695616 3480503807 497930176 3288817022 4130740655 1506614438 605966704 2404832630 437118453 3560701663 1110092561 129056578 1980834466 644327838 3773187789 1125624751 1221427854 2688977337 1340966547 3168968319 1332556810 3046065678 1040650775 1926975188 2399540199 1784526348 1512496518 2361350458 829330747 4228764014 3411094601 2408360738 3863026942 1902112807 2942498015 2161647092 423544700 909764280 277276474 2465570708 630450623 2101372886 2197370793 3618446143 2192304646 1772663360 2830235782 772581102 1522191667 2144070581 2429182787 4267050429 2691894159 410889761 1989989122 2788255030 229025572 4193345359 797711546 3196996140 2355775122 2635380481 2029041466 1261113630 999713273 1800760439 450875874 3124286025 1258975763 211348314 3938611958 1711078669 541451719 668792465 4132688148 237987595 4081503412 3194851022 2668004976 44257066 3353049645 3731613931 357109364 2933701300 2740625396 703713467 452791541 3405867445 4268897769 1745262403 1074646541 824195698 310899249 748271907 3343899427 3107438565 767911208 558810800 1934129393 1052506174 3363935340 3305482316 2417368546 3055844523 4001461599 1539067651 301237108 113450569 3917969594 2709875403 291423849 19781245 405498308 915716955 3949975919 2617841611 902610790 2748237816 1887637125 3491567288 2839064566 3410237091 341187241 557066900 3603188832 3345735684 3217433800 1331051052 3067748133 3484427348 4287111097 3428873772 4090330070 2134444061 1960675144 2366581825 1450630356 2199268007 1261538510 2054045552 2961057577 619915173 878309639 2169739289 1550921501 1513829470 2364711210 906373774 2376879062 964881688 349094502 83175968 369596465 9198050 2412160101 2019020054 2898202056 2729968903 1216904730 158528348 2797134546 1815055279
]
[
781647506 90017834 229057582 1815611976 2144217968 3215259429 561416431 453949835 3249503260 907469206 2761610610 2725660314 3531788685 4235637548 1878190625
2139520666 2258883274 2657554353 1728402439 1045462402 270600598 2714077482 2947141388 1524848555 2513152815 683706876 3199046172 3175564031 2214270854 982346250
563455892 1890976263 4141381712 333717997 1440627265 2283998090 156674033 3042362998 1580063552 675726443 934783684 4232278243 318690479 2304053120 3490574962 4113133997 3835142147 1484569997 3394361796 96216705 1555756674 3759354016 1676981903 2374333362 2423979975 209665842 2368370182 1306158005 3973044206 2486265157 475512026 3469303676 722341794 1422210132 1951552861 505559431 214535881 1079626105 850611464 383639749 3048857758 146559152 1072908537 2729204647 3069524097 3826864658 2647147104 4010843770 2665290873 2326221015 326932710 97066420 1029003702 3995906872 3255202445 258440397 823205382 2711609049 2859337934 3191044237 4053428491 4040245914 1573181283 1846906942 635695616 3480503807 497930176 3288817022 4130740655 1506614438 605966704 2404832630 437118453 3560701663 1110092561 129056578 1980834466 644327838 3773187789 1125624751 1221427854 2688977337 1340966547 3168968319 1332556810 3046065678 1040650775 1926975188 2399540199 1784526348 1512496518 2361350458 829330747 4228764014 3411094601 2408360738 3863026942 1902112807 2942498015 2161647092 423544700 909764280 277276474 2465570708 630450623 2101372886 2197370793 3618446143 2192304646 1772663360 2830235782 772581102 1522191667 2144070581 2429182787 4267050429 2691894159 410889761 1989989122 2788255030 229025572 4193345359 797711546 3196996140 2355775122 2635380481 2029041466 1261113630 999713273 1800760439 450875874 3124286025 1258975763 211348314 3938611958 1711078669 541451719 668792465 4132688148 237987595 4081503412 3194851022 2668004976 44257066 3353049645 3731613931 357109364 2933701300 2740625396 703713467 452791541 3405867445 4268897769 1745262403 1074646541 824195698 310899249 748271907 3343899427 3107438565 767911208 558810800 1934129393 1052506174 3363935340 3305482316 2417368546 3055844523 4001461599 1539067651 301237108 113450569 3917969594 2709875403 291423849 19781245 405498308 915716955 3949975919 2617841611 902610790 2748237816 1887637125 3491567288 2839064566 3410237091 341187241 557066900 3603188832 3345735684 3217433800 1331051052 3067748133 3484427348 4287111097 3428873772 4090330070 2134444061 1960675144 2366581825 1450630356 2199268007 1261538510 2054045552 2961057577 619915173 878309639 2169739289 1550921501 1513829470 2364711210 906373774 2376879062 964881688 349094502 83175968 369596465 9198050 2412160101 2019020054 2898202056 2729968903 1216904730 158528348 2797134546 1815055279
]
